# loss: 0.9225672567256724
# knowledge: 0
pred	obs	metadata
0.900	1	NA
0.129	0	NA
0.110	0	NA
0.589	1	NA
0.946	1	NA
0.279	0	NA
0.146	0	NA
0.086	0	NA
0.797	1	NA
0.404	0	NA
0.901	1	NA
0.392	1	NA
0.626	1	NA
0.152	0	NA
0.864	1	NA
0.056	0	NA
0.248	1	NA
0.746	1	NA
0.119	0	NA
0.604	0	NA
0.720	1	NA
0.164	1	NA
0.164	0	NA
0.873	1	NA
0.737	1	NA
0.277	0	NA
0.855	1	NA
0.936	1	NA
0.509	1	NA
0.958	1	NA
0.818	1	NA
0.201	0	NA
0.889	1	NA
0.557	1	NA
0.803	1	NA
0.510	1	NA
0.899	1	NA
0.595	1	NA
0.270	0	NA
0.513	1	NA
0.160	0	NA
0.188	0	NA
0.278	0	NA
0.221	1	NA
0.258	0	NA
0.141	0	NA
0.409	1	NA
0.048	0	NA
0.699	1	NA
0.086	0	NA
0.843	1	NA
0.779	1	NA
0.369	0	NA
0.911	1	NA
0.941	1	NA
0.380	0	NA
0.808	1	NA
0.599	1	NA
0.226	0	NA
0.054	0	NA
0.033	0	NA
0.778	1	NA
0.316	0	NA
0.321	0	NA
0.831	1	NA
0.511	0	NA
0.135	0	NA
0.614	0	NA
0.110	0	NA
0.187	0	NA
0.374	0	NA
0.150	0	NA
0.245	0	NA
0.903	0	NA
0.942	1	NA
0.755	1	NA
0.299	0	NA
0.968	1	NA
0.913	1	NA
0.660	1	NA
0.967	1	NA
0.804	1	NA
0.887	1	NA
0.964	1	NA
0.121	0	NA
0.403	0	NA
0.890	1	NA
0.915	1	NA
0.077	0	NA
0.178	0	NA
0.320	0	NA
0.308	1	NA
0.897	1	NA
0.063	0	NA
0.877	1	NA
0.103	0	NA
0.260	0	NA
0.619	1	NA
0.516	1	NA
0.243	0	NA
0.428	0	NA
0.183	0	NA
0.932	1	NA
0.167	1	NA
0.459	0	NA
0.972	1	NA
0.546	0	NA
0.930	1	NA
0.172	1	NA
0.188	0	NA
0.519	0	NA
0.313	0	NA
0.839	1	NA
0.719	1	NA
0.955	1	NA
0.596	1	NA
0.140	0	NA
0.435	1	NA
0.454	1	NA
0.281	0	NA
0.122	0	NA
0.942	1	NA
0.509	1	NA
0.492	0	NA
0.155	0	NA
0.439	0	NA
0.246	0	NA
0.816	1	NA
0.530	0	NA
0.323	0	NA
0.225	0	NA
0.314	0	NA
0.718	1	NA
0.745	1	NA
0.269	0	NA
0.326	0	NA
0.752	1	NA
0.124	0	NA
0.295	0	NA
0.405	1	NA
0.835	1	NA
0.883	1	NA
0.900	1	NA
0.062	0	NA
0.594	0	NA
0.958	1	NA
0.935	1	NA
0.347	1	NA
0.121	0	NA
0.776	1	NA
0.367	0	NA
0.119	0	NA
0.461	0	NA
0.300	0	NA
0.204	0	NA
0.822	1	NA
0.337	0	NA
0.925	1	NA
0.721	1	NA
0.128	0	NA
0.281	0	NA
0.081	0	NA
0.623	1	NA
0.250	0	NA
0.149	0	NA
0.622	0	NA
0.099	1	NA
0.227	1	NA
0.975	1	NA
0.230	0	NA
0.765	0	NA
0.948	1	NA
0.958	1	NA
0.052	0	NA
0.499	0	NA
0.902	1	NA
0.225	1	NA
0.228	0	NA
0.727	1	NA
0.660	1	NA
0.297	1	NA
0.334	0	NA
0.418	0	NA
0.602	0	NA
0.352	0	NA
0.895	1	NA
0.868	1	NA
0.916	1	NA
0.094	0	NA
0.426	0	NA
0.869	1	NA
0.638	0	NA
0.970	1	NA
0.944	1	NA
0.745	1	NA
0.131	0	NA
0.672	0	NA
0.904	1	NA
0.171	0	NA
0.975	1	NA
0.766	1	NA
0.162	0	NA
0.588	1	NA
0.210	0	NA
0.193	0	NA
0.274	0	NA
0.659	1	NA
0.448	0	NA
0.885	1	NA
0.409	0	NA
0.090	0	NA
0.877	1	NA
0.960	1	NA
0.383	1	NA
0.111	1	NA
0.722	1	NA
0.620	0	NA
0.552	1	NA
0.140	0	NA
0.959	1	NA
0.236	0	NA
0.924	1	NA
0.096	0	NA
0.966	1	NA
0.287	1	NA
0.690	1	NA
0.162	0	NA
0.070	0	NA
0.925	1	NA
0.924	1	NA
0.814	1	NA
0.583	0	NA
0.920	1	NA
0.495	0	NA
0.400	0	NA
0.116	0	NA
0.060	0	NA
0.552	0	NA
0.318	0	NA
0.747	1	NA
0.528	1	NA
0.842	1	NA
0.063	0	NA
0.928	1	NA
0.389	1	NA
0.168	0	NA
0.548	0	NA
0.124	0	NA
0.985	1	NA
0.393	0	NA
0.697	0	NA
0.114	0	NA
0.264	1	NA
0.702	1	NA
0.292	0	NA
0.380	0	NA
0.904	1	NA
0.545	0	NA
0.373	0	NA
0.887	1	NA
0.203	0	NA
0.674	1	NA
0.095	1	NA
0.286	0	NA
0.893	1	NA
0.070	0	NA
0.731	1	NA
0.227	0	NA
0.899	1	NA
0.415	0	NA
0.505	0	NA
0.177	0	NA
0.826	1	NA
0.218	0	NA
0.945	1	NA
0.691	1	NA
0.077	0	NA
0.225	0	NA
0.741	0	NA
0.934	1	NA
0.885	1	NA
0.303	0	NA
0.122	0	NA
0.726	1	NA
0.745	1	NA
0.885	1	NA
0.887	1	NA
0.837	1	NA
0.171	0	NA
0.841	1	NA
0.564	0	NA
0.547	0	NA
0.572	1	NA
0.110	0	NA
0.153	0	NA
0.231	0	NA
0.165	0	NA
0.954	1	NA
0.620	1	NA
0.319	0	NA
0.960	1	NA
0.652	1	NA
0.312	0	NA
0.310	1	NA
0.289	0	NA
0.238	0	NA
0.105	0	NA
0.232	0	NA
0.949	1	NA
0.271	0	NA
0.860	1	NA
0.350	1	NA
0.148	1	NA
0.570	1	NA
0.121	0	NA
0.671	1	NA
0.150	0	NA
0.944	1	NA
0.824	1	NA
0.298	0	NA
0.517	1	NA
0.273	0	NA
0.202	0	NA
0.914	1	NA
0.143	0	NA
0.110	0	NA
0.590	1	NA
0.936	1	NA
0.083	0	NA
0.674	1	NA
0.542	0	NA
0.799	1	NA
0.641	1	NA
0.945	1	NA
0.216	0	NA
0.376	0	NA
0.387	0	NA
0.496	0	NA
0.612	1	NA
0.034	0	NA
0.222	0	NA
0.215	0	NA
0.076	0	NA
0.925	1	NA
0.888	1	NA
0.842	1	NA
0.945	1	NA
0.226	0	NA
0.163	0	NA
0.267	0	NA
0.847	1	NA
0.347	1	NA
0.351	0	NA
0.543	0	NA
0.209	0	NA
0.141	0	NA
0.919	1	NA
0.071	0	NA
0.066	0	NA
0.077	0	NA
0.926	1	NA
0.711	1	NA
0.758	1	NA
0.250	0	NA
0.951	1	NA
0.676	1	NA
0.806	0	NA
0.316	0	NA
0.138	0	NA
0.114	0	NA
0.437	0	NA
0.126	0	NA
0.785	1	NA
0.970	1	NA
0.314	0	NA
0.854	1	NA
0.399	0	NA
0.104	0	NA
0.950	1	NA
0.428	0	NA
0.955	1	NA
0.969	1	NA
0.472	0	NA
0.469	1	NA
0.359	0	NA
0.121	0	NA
0.439	0	NA
0.361	0	NA
0.783	1	NA
0.851	1	NA
0.335	1	NA
0.624	1	NA
0.371	1	NA
0.191	0	NA
0.913	1	NA
0.860	1	NA
0.961	1	NA
0.237	0	NA
0.521	1	NA
0.800	1	NA
