# loss: 0.9642214221422142
# knowledge: 0
pred	obs	metadata
0.976	1	NA
0.063	0	NA
0.165	0	NA
0.897	1	NA
0.970	1	NA
0.228	0	NA
0.040	0	NA
0.194	0	NA
0.940	1	NA
0.509	0	NA
0.978	1	NA
0.412	1	NA
0.978	1	NA
0.138	0	NA
0.947	1	NA
0.038	0	NA
0.156	1	NA
0.899	1	NA
0.059	0	NA
0.771	0	NA
0.906	1	NA
0.201	1	NA
0.134	0	NA
0.963	1	NA
0.969	1	NA
0.289	0	NA
0.901	1	NA
0.978	1	NA
0.415	1	NA
0.986	1	NA
0.944	1	NA
0.138	0	NA
0.979	1	NA
0.783	1	NA
0.675	1	NA
0.797	1	NA
0.972	1	NA
0.945	1	NA
0.047	0	NA
0.658	1	NA
0.061	0	NA
0.057	0	NA
0.083	0	NA
0.388	1	NA
0.053	0	NA
0.231	0	NA
0.862	1	NA
0.019	0	NA
0.921	1	NA
0.053	0	NA
0.781	1	NA
0.898	1	NA
0.109	0	NA
0.976	1	NA
0.982	1	NA
0.424	0	NA
0.933	1	NA
0.617	1	NA
0.127	0	NA
0.039	0	NA
0.018	0	NA
0.881	1	NA
0.094	0	NA
0.441	0	NA
0.844	1	NA
0.389	0	NA
0.129	0	NA
0.483	0	NA
0.042	0	NA
0.119	0	NA
0.047	0	NA
0.031	0	NA
0.105	0	NA
0.786	0	NA
0.983	1	NA
0.947	1	NA
0.213	0	NA
0.992	1	NA
0.976	1	NA
0.908	1	NA
0.988	1	NA
0.728	1	NA
0.972	1	NA
0.983	1	NA
0.027	0	NA
0.150	0	NA
0.779	1	NA
0.986	1	NA
0.037	0	NA
0.078	0	NA
0.080	0	NA
0.416	1	NA
0.967	1	NA
0.028	0	NA
0.957	1	NA
0.081	0	NA
0.124	0	NA
0.735	1	NA
0.728	1	NA
0.361	0	NA
0.134	0	NA
0.111	0	NA
0.970	1	NA
0.155	1	NA
0.246	0	NA
0.982	1	NA
0.280	0	NA
0.981	1	NA
0.141	1	NA
0.098	0	NA
0.294	0	NA
0.192	0	NA
0.954	1	NA
0.950	1	NA
0.983	1	NA
0.934	1	NA
0.083	0	NA
0.769	1	NA
0.721	1	NA
0.143	0	NA
0.070	0	NA
0.977	1	NA
0.696	1	NA
0.211	0	NA
0.056	0	NA
0.472	0	NA
0.116	0	NA
0.955	1	NA
0.480	0	NA
0.757	0	NA
0.119	0	NA
0.110	0	NA
0.651	1	NA
0.745	1	NA
0.081	0	NA
0.245	0	NA
0.951	1	NA
0.065	0	NA
0.069	0	NA
0.871	1	NA
0.899	1	NA
0.975	1	NA
0.962	1	NA
0.022	0	NA
0.200	0	NA
0.992	1	NA
0.960	1	NA
0.272	1	NA
0.144	0	NA
0.962	1	NA
0.248	0	NA
0.048	0	NA
0.304	0	NA
0.294	0	NA
0.298	0	NA
0.909	1	NA
0.231	0	NA
0.982	1	NA
0.920	1	NA
0.116	0	NA
0.154	0	NA
0.051	0	NA
0.908	1	NA
0.130	0	NA
0.137	0	NA
0.405	0	NA
0.083	1	NA
0.123	1	NA
0.990	1	NA
0.141	0	NA
0.853	0	NA
0.962	1	NA
0.987	1	NA
0.030	0	NA
0.601	0	NA
0.934	1	NA
0.368	1	NA
0.074	0	NA
0.774	1	NA
0.673	1	NA
0.643	1	NA
0.167	0	NA
0.176	0	NA
0.231	0	NA
0.111	0	NA
0.972	1	NA
0.890	1	NA
0.981	1	NA
0.030	0	NA
0.313	0	NA
0.981	1	NA
0.375	0	NA
0.992	1	NA
0.985	1	NA
0.957	1	NA
0.072	0	NA
0.328	0	NA
0.989	1	NA
0.239	0	NA
0.992	1	NA
0.981	1	NA
0.089	0	NA
0.637	1	NA
0.189	0	NA
0.119	0	NA
0.242	0	NA
0.839	1	NA
0.493	0	NA
0.957	1	NA
0.157	0	NA
0.028	0	NA
0.967	1	NA
0.992	1	NA
0.322	1	NA
0.186	1	NA
0.680	1	NA
0.628	0	NA
0.883	1	NA
0.045	0	NA
0.976	1	NA
0.134	0	NA
0.988	1	NA
0.048	0	NA
0.989	1	NA
0.476	1	NA
0.959	1	NA
0.076	0	NA
0.052	0	NA
0.985	1	NA
0.980	1	NA
0.833	1	NA
0.442	0	NA
0.947	1	NA
0.431	0	NA
0.330	0	NA
0.084	0	NA
0.047	0	NA
0.268	0	NA
0.178	0	NA
0.892	1	NA
0.806	1	NA
0.877	1	NA
0.053	0	NA
0.974	1	NA
0.537	1	NA
0.117	0	NA
0.342	0	NA
0.060	0	NA
0.993	1	NA
0.076	0	NA
0.695	0	NA
0.046	0	NA
0.323	1	NA
0.454	1	NA
0.236	0	NA
0.511	0	NA
0.989	1	NA
0.273	0	NA
0.166	0	NA
0.984	1	NA
0.276	0	NA
0.692	1	NA
0.135	1	NA
0.157	0	NA
0.983	1	NA
0.069	0	NA
0.952	1	NA
0.157	0	NA
0.969	1	NA
0.516	0	NA
0.145	0	NA
0.036	0	NA
0.957	1	NA
0.038	0	NA
0.979	1	NA
0.912	1	NA
0.051	0	NA
0.214	0	NA
0.184	0	NA
0.960	1	NA
0.925	1	NA
0.074	0	NA
0.120	0	NA
0.711	1	NA
0.745	1	NA
0.866	1	NA
0.979	1	NA
0.947	1	NA
0.096	0	NA
0.782	1	NA
0.504	0	NA
0.508	0	NA
0.729	1	NA
0.099	0	NA
0.101	0	NA
0.056	0	NA
0.070	0	NA
0.984	1	NA
0.544	1	NA
0.169	0	NA
0.978	1	NA
0.891	1	NA
0.251	0	NA
0.742	1	NA
0.330	0	NA
0.090	0	NA
0.050	0	NA
0.152	0	NA
0.988	1	NA
0.338	0	NA
0.945	1	NA
0.523	1	NA
0.062	1	NA
0.588	1	NA
0.054	0	NA
0.918	1	NA
0.109	0	NA
0.974	1	NA
0.973	1	NA
0.147	0	NA
0.838	1	NA
0.091	0	NA
0.161	0	NA
0.984	1	NA
0.081	0	NA
0.053	0	NA
0.820	1	NA
0.991	1	NA
0.044	0	NA
0.593	1	NA
0.154	0	NA
0.934	1	NA
0.945	1	NA
0.990	1	NA
0.155	0	NA
0.434	0	NA
0.114	0	NA
0.430	0	NA
0.927	1	NA
0.019	0	NA
0.076	0	NA
0.067	0	NA
0.041	0	NA
0.976	1	NA
0.956	1	NA
0.912	1	NA
0.990	1	NA
0.127	0	NA
0.100	0	NA
0.140	0	NA
0.802	1	NA
0.283	1	NA
0.097	0	NA
0.350	0	NA
0.121	0	NA
0.056	0	NA
0.975	1	NA
0.048	0	NA
0.030	0	NA
0.026	0	NA
0.955	1	NA
0.933	1	NA
0.962	1	NA
0.096	0	NA
0.920	1	NA
0.951	1	NA
0.829	0	NA
0.359	0	NA
0.066	0	NA
0.109	0	NA
0.109	0	NA
0.059	0	NA
0.890	1	NA
0.978	1	NA
0.461	0	NA
0.942	1	NA
0.165	0	NA
0.051	0	NA
0.975	1	NA
0.235	0	NA
0.990	1	NA
0.989	1	NA
0.362	0	NA
0.822	1	NA
0.108	0	NA
0.029	0	NA
0.305	0	NA
0.149	0	NA
0.883	1	NA
0.915	1	NA
0.451	1	NA
0.658	1	NA
0.672	1	NA
0.424	0	NA
0.988	1	NA
0.918	1	NA
0.971	1	NA
0.098	0	NA
0.339	1	NA
0.904	1	NA
