# loss: 0.738023802380238
# knowledge: 0
pred	obs	metadata
0.849	1	NA
0.301	0	NA
0.316	0	NA
0.480	1	NA
0.482	1	NA
0.418	0	NA
0.306	0	NA
0.239	0	NA
0.744	1	NA
0.819	0	NA
0.867	1	NA
0.792	1	NA
0.434	1	NA
0.401	0	NA
0.690	1	NA
0.185	0	NA
0.175	1	NA
0.499	1	NA
0.219	0	NA
0.883	0	NA
0.685	1	NA
0.330	1	NA
0.589	0	NA
0.821	1	NA
0.886	1	NA
0.592	0	NA
0.649	1	NA
0.615	1	NA
0.528	1	NA
0.914	1	NA
0.593	1	NA
0.321	0	NA
0.704	1	NA
0.577	1	NA
0.433	1	NA
0.410	1	NA
0.908	1	NA
0.250	1	NA
0.373	0	NA
0.295	1	NA
0.263	0	NA
0.320	0	NA
0.334	0	NA
0.200	1	NA
0.388	0	NA
0.208	0	NA
0.264	1	NA
0.153	0	NA
0.472	1	NA
0.383	0	NA
0.871	1	NA
0.504	1	NA
0.664	0	NA
0.971	1	NA
0.651	1	NA
0.341	0	NA
0.728	1	NA
0.624	1	NA
0.367	0	NA
0.200	0	NA
0.166	0	NA
0.434	1	NA
0.577	0	NA
0.596	0	NA
0.368	1	NA
0.570	0	NA
0.373	0	NA
0.899	0	NA
0.212	0	NA
0.434	0	NA
0.635	0	NA
0.233	0	NA
0.400	0	NA
0.628	0	NA
0.951	1	NA
0.678	1	NA
0.611	0	NA
0.780	1	NA
0.653	1	NA
0.739	1	NA
0.965	1	NA
0.747	1	NA
0.648	1	NA
0.849	1	NA
0.200	0	NA
0.347	0	NA
0.733	1	NA
0.715	1	NA
0.226	0	NA
0.369	0	NA
0.515	0	NA
0.317	1	NA
0.513	1	NA
0.197	0	NA
0.585	1	NA
0.172	0	NA
0.385	0	NA
0.360	1	NA
0.788	1	NA
0.295	0	NA
0.462	0	NA
0.306	0	NA
0.737	1	NA
0.341	1	NA
0.513	0	NA
0.786	1	NA
0.647	0	NA
0.722	1	NA
0.479	1	NA
0.394	0	NA
0.605	0	NA
0.518	0	NA
0.636	1	NA
0.780	1	NA
0.552	1	NA
0.474	1	NA
0.275	0	NA
0.332	1	NA
0.437	1	NA
0.411	0	NA
0.202	0	NA
0.728	1	NA
0.586	1	NA
0.634	0	NA
0.452	0	NA
0.476	0	NA
0.591	0	NA
0.679	1	NA
0.816	0	NA
0.572	0	NA
0.332	0	NA
0.494	0	NA
0.781	1	NA
0.456	1	NA
0.394	0	NA
0.469	0	NA
0.462	1	NA
0.234	0	NA
0.238	0	NA
0.352	1	NA
0.746	1	NA
0.568	1	NA
0.616	1	NA
0.204	0	NA
0.666	0	NA
0.867	1	NA
0.888	1	NA
0.562	1	NA
0.264	0	NA
0.417	1	NA
0.724	0	NA
0.242	0	NA
0.637	0	NA
0.260	0	NA
0.449	0	NA
0.673	1	NA
0.601	0	NA
0.563	1	NA
0.601	1	NA
0.238	0	NA
0.457	0	NA
0.239	0	NA
0.287	1	NA
0.319	0	NA
0.310	0	NA
0.681	0	NA
0.231	1	NA
0.405	1	NA
0.884	1	NA
0.515	0	NA
0.543	0	NA
0.637	1	NA
0.963	1	NA
0.178	0	NA
0.734	0	NA
0.379	1	NA
0.310	1	NA
0.308	0	NA
0.360	1	NA
0.387	1	NA
0.410	1	NA
0.242	0	NA
0.522	0	NA
0.625	0	NA
0.295	0	NA
0.603	1	NA
0.643	1	NA
0.621	1	NA
0.234	0	NA
0.627	0	NA
0.839	1	NA
0.675	0	NA
0.906	1	NA
0.619	1	NA
0.551	1	NA
0.278	0	NA
0.398	0	NA
0.829	1	NA
0.424	0	NA
0.940	1	NA
0.487	1	NA
0.387	0	NA
0.245	1	NA
0.704	0	NA
0.687	0	NA
0.354	0	NA
0.406	1	NA
0.485	0	NA
0.341	1	NA
0.608	0	NA
0.223	0	NA
0.720	1	NA
0.926	1	NA
0.351	1	NA
0.312	1	NA
0.523	1	NA
0.700	0	NA
0.657	1	NA
0.297	0	NA
0.724	1	NA
0.415	0	NA
0.917	1	NA
0.207	0	NA
0.967	1	NA
0.277	1	NA
0.775	1	NA
0.357	0	NA
0.191	0	NA
0.715	1	NA
0.919	1	NA
0.532	1	NA
0.830	0	NA
0.552	1	NA
0.557	0	NA
0.509	0	NA
0.239	0	NA
0.224	0	NA
0.501	0	NA
0.483	0	NA
0.542	1	NA
0.291	1	NA
0.568	1	NA
0.178	0	NA
0.516	1	NA
0.386	1	NA
0.307	0	NA
0.603	0	NA
0.329	0	NA
0.939	1	NA
0.556	0	NA
0.542	0	NA
0.269	0	NA
0.359	1	NA
0.353	1	NA
0.367	0	NA
0.665	0	NA
0.798	1	NA
0.629	0	NA
0.297	0	NA
0.891	1	NA
0.320	0	NA
0.297	1	NA
0.276	1	NA
0.628	0	NA
0.910	1	NA
0.240	0	NA
0.472	1	NA
0.284	0	NA
0.482	1	NA
0.595	0	NA
0.549	0	NA
0.327	0	NA
0.717	1	NA
0.229	0	NA
0.800	1	NA
0.421	1	NA
0.228	0	NA
0.472	0	NA
0.597	0	NA
0.503	1	NA
0.800	1	NA
0.410	0	NA
0.437	0	NA
0.400	1	NA
0.340	1	NA
0.609	1	NA
0.676	1	NA
0.761	1	NA
0.420	0	NA
0.285	1	NA
0.550	0	NA
0.477	0	NA
0.466	1	NA
0.201	0	NA
0.386	0	NA
0.344	0	NA
0.466	0	NA
0.955	1	NA
0.282	1	NA
0.411	0	NA
0.620	1	NA
0.618	1	NA
0.498	0	NA
0.183	1	NA
0.537	0	NA
0.370	0	NA
0.232	0	NA
0.389	0	NA
0.644	1	NA
0.569	0	NA
0.602	1	NA
0.255	1	NA
0.192	1	NA
0.443	1	NA
0.272	0	NA
0.475	1	NA
0.217	0	NA
0.673	1	NA
0.603	1	NA
0.403	0	NA
0.432	1	NA
0.436	0	NA
0.775	0	NA
0.474	1	NA
0.332	0	NA
0.203	0	NA
0.578	1	NA
0.717	1	NA
0.228	0	NA
0.436	1	NA
0.623	0	NA
0.578	1	NA
0.583	1	NA
0.890	1	NA
0.407	0	NA
0.575	0	NA
0.530	0	NA
0.346	0	NA
0.365	1	NA
0.178	0	NA
0.330	0	NA
0.213	0	NA
0.204	0	NA
0.890	1	NA
0.384	1	NA
0.586	1	NA
0.795	1	NA
0.201	0	NA
0.334	0	NA
0.395	0	NA
0.554	1	NA
0.481	1	NA
0.446	0	NA
0.654	0	NA
0.397	0	NA
0.202	0	NA
0.474	1	NA
0.205	0	NA
0.184	0	NA
0.199	0	NA
0.793	1	NA
0.424	1	NA
0.640	1	NA
0.326	0	NA
0.713	1	NA
0.634	1	NA
0.616	0	NA
0.418	0	NA
0.369	0	NA
0.271	0	NA
0.641	0	NA
0.234	0	NA
0.432	1	NA
0.550	1	NA
0.569	0	NA
0.755	1	NA
0.564	0	NA
0.227	0	NA
0.565	1	NA
0.480	0	NA
0.926	1	NA
0.973	1	NA
0.370	0	NA
0.405	1	NA
0.405	0	NA
0.333	0	NA
0.463	0	NA
0.328	0	NA
0.421	1	NA
0.404	1	NA
0.261	1	NA
0.703	1	NA
0.251	1	NA
0.335	0	NA
0.563	1	NA
0.257	1	NA
0.781	1	NA
0.337	0	NA
0.670	1	NA
0.513	1	NA
